-407, 277, -759, -803, 688, -469, 33, -330 
277, -357, 463, -511, -133, 97, -641, 293 
-759, 463, -256, 444, 162, 590, 29, -667 
-803, -511, 444, -386, 104, -196, -385, 86 
688, -133, 162, 104, 698, 527, 562, -257 
-469, 97, 590, -196, 527, -489, 119, 199 
33, -641, 29, -385, 562, 119, 317, 451
-330, 293, -667, 86, -257, 199, 451, 784 
